MEMORY
  total            15.7 MB
  struct          159.0 KB
  buffer            1.6 MB
  arena            14.0 MB, used 0.2%

SIZES
  narena                14680064
  nbuffer               1644528
  nplugin               0
  maxuse_stack          16280
  maxuse_arena          36104
  maxuse_con            6
  maxuse_efc            42
  ncon                  2
  ne                    0
  nf                    18
  nl                    0
  nefc                  26
  nJ                    468
  nA                    0
  nisland               0
  threadpool            0

TIMER
    0:  duration =  3          number = 20
    1:  duration =  2.9        number = 20
    2:  duration =  0          number = 0
    3:  duration =  2.3        number = 20
    4:  duration =  0.15       number = 20
    5:  duration =  0.023      number = 20
    6:  duration =  0.32       number = 20
    7:  duration =  0.073      number = 20
    8:  duration =  0.31       number = 20
    9:  duration =  0.081      number = 40
    10:  duration =  1.8        number = 20
    11:  duration =  0.16       number = 20
    12:  duration =  0.0027     number = 20
    13:  duration =  0.36       number = 20
    14:  duration =  0.22       number = 20

SOLVER STAT
  solver_fwdinv =   0         0       
  ISLAND 0
    solver_niter = 1
    solver_nnz = 324
      0:  improvement =  0.024       gradient =  5.1e-16     lineslope =  0       
          nactive = 26   nchange = 0   neval = 2   nupdate = 0

ENERGY =   0         0       

TIME =  18      

QPOS
   0.5     
   0.89    
   0.99    
   0.63    
   0.024   
  -0.06    
   0.77    
   0.045   
  -0.23    
   0.032   
   0.72    
  -0.38    
   0.038   
   0.011   
  -0.38    
   0.068   
   1.8     
  -0.43    
  -0.0082  

QVEL
  -0.011   
   0.033   
  -0.029   
   0.026   
  -0.4     
   0.21    
  -0.21    
   0.4     
  -0.03    
   0.2     
  -0.19    
   0.38    
  -0.56    
  -0.017   
  -0.35    
   3.3     
   0.2     
   0.21    

QACC_WARMSTART
  -1.3     
   2.8     
   1.4     
   9.9     
  -20      
   6.6     
   0.094   
   33      
  -17      
  -15      
   27      
   89      
  -21      
   70      
  -37      
  -79      
   9.4     
   4.1     

CTRL
  -2.5     
   14      
   62      
  -65      
   26      
   9.8     
  -5.3     
   14      
  -15      
  -5.7     
   0.17    
   0.15    

QFRC_APPLIED
   0       
   0       
   0       
   0       
   0       
   0       
   0       
   0       
   0       
   0       
   0       
   0       
   0       
   0       
   0       
   0       
   0       
   0       

XFRC_APPLIED
   0         0         0         0         0         0       
   0         0         0         0         0         0       
   0         0         0         0         0         0       
   0         0         0         0         0         0       
   0         0         0         0         0         0       
   0         0         0         0         0         0       
   0         0         0         0         0         0       
   0         0         0         0         0         0       
   0         0         0         0         0         0       
   0         0         0         0         0         0       
   0         0         0         0         0         0       
   0         0         0         0         0         0       
   0         0         0         0         0         0       
   0         0         0         0         0         0       
   0         0         0         0         0         0       
   0         0         0         0         0         0       
   0         0         0         0         0         0       
   0         0         0         0         0         0       
   0         0         0         0         0         0       
   0         0         0         0         0         0       
   0         0         0         0         0         0       
   0         0         0         0         0         0       
   0         0         0         0         0         0       
   0         0         0         0         0         0       
   0         0         0         0         0         0       
   0         0         0         0         0         0       
   0         0         0         0         0         0       
   0         0         0         0         0         0       
   0         0         0         0         0         0       
   0         0         0         0         0         0       
   0         0         0         0         0         0       
   0         0         0         0         0         0       
   0         0         0         0         0         0       
   0         0         0         0         0         0       
   0         0         0         0         0         0       
   0         0         0         0         0         0       
   0         0         0         0         0         0       
   0         0         0         0         0         0       
   0         0         0         0         0         0       
   0         0         0         0         0         0       
   0         0         0         0         0         0       
   0         0         0         0         0         0       
   0         0         0         0         0         0       
   0         0         0         0         0         0       
   0         0         0         0         0         0       
   0         0         0         0         0         0       
   0         0         0         0         0         0       
   0         0         0         0         0         0       
   0         0         0         0         0         0       
   0         0         0         0         0         0       
   0         0         0         0         0         0       
   0         0         0         0         0         0       
   0         0         0         0         0         0       

EQ_ACTIVE             0

QACC
  -1.3     
   2.8     
   1.4     
   9.9     
  -20      
   6.6     
   0.094   
   33      
  -17      
  -15      
   27      
   89      
  -21      
   70      
  -37      
  -79      
   9.4     
   4.1     

XPOS
   0         0         0       
   0.5       0.89      0.99    
   0.42      0.89      0.82    
   0.35      0.88      0.81    
   0.35      0.88      0.81    
   0.33      1         0.44    
   0.38      0.87      0.065   
   0.38      0.87      0.045   
   0.59      0.93      0.83    
   0.66      0.94      0.83    
   0.66      0.94      0.83    
   0.62      1.1       0.48    
   0.71      0.76      0.37    
   0.72      0.74      0.36    
   0.5       0.89      0.99    
   0.34      0.81      1.4     
   0.27      0.83      1.4     
   0.28      0.82      1.3     
   0.26      0.84      1.1     
   0.26      0.96      1.1     
   0.25      1         1.1     
   0.24      1.1       1.1     
   0.23      1.2       1.1     
   0.25      1.2       1.1     
   0.24      1.2       1.2     
   0.24      1.2       1.2     
   0.2       1.2       1.1     
   0.2       1.3       1.1     
   0.2       1.2       1.1     
   0.2       1.3       1.1     
   0.21      1.3       1.1     
   0.2       1.3       1.1     
   0.21      1.3       1.1     
   0.2       1.3       1.1     
   0.63      0.87      1.4     
   0.68      0.91      1.4     
   0.69      0.9       1.3     
   0.73      0.93      1.1     
   0.67      1         1.1     
   0.66      1.1       1.1     
   0.65      1.1       1.1     
   0.61      1.3       1.2     
   0.6       1.2       1.2     
   0.58      1.3       1.2     
   0.58      1.3       1.2     
   0.61      1.3       1.2     
   0.61      1.4       1.2     
   0.62      1.3       1.2     
   0.61      1.4       1.2     
   0.62      1.3       1.1     
   0.61      1.4       1.1     
   0.62      1.3       1.1     
   0.61      1.4       1.1     

XQUAT
   1         0         0         0       
   0.63      0.023    -0.06      0.77    
   0.61      0.022    -0.061     0.79    
   0.6       0.11     -0.13      0.78    
   0.6       0.12     -0.12      0.78    
   0.6      -0.16      0.1       0.77    
   0.61     -0.012    -0.015     0.79    
   0.61     -0.00014   8.1e-05   0.79    
   0.63      0.023    -0.06      0.78    
   0.6       0.17     -0.18      0.76    
   0.6       0.19     -0.15      0.76    
   0.49     -0.48      0.37      0.63    
   0.56     -0.33      0.26      0.71    
   0.56     -0.33      0.26      0.71    
   0.63      0.023    -0.06      0.77    
   0.62      0.11      0.041     0.77    
   0.63      0.023    -0.06      0.77    
   0.63      0.023    -0.06      0.77    
   0.63      0.023    -0.06      0.77    
   0.63      0.023    -0.06      0.77    
   0.63      0.023    -0.06      0.77    
   0.63      0.023    -0.06      0.77    
  -0.56      0.4       0.53      0.49    
  -0.11      0.74      0.038     0.66    
  -0.11      0.74      0.038     0.66    
  -0.11      0.74      0.038     0.66    
  -0.1      -0.024    -0.076     0.99    
  -0.1      -0.024    -0.076     0.99    
  -0.099    -0.026    -0.059     0.99    
  -0.099    -0.026    -0.059     0.99    
  -0.099    -0.029    -0.033     0.99    
  -0.099    -0.029    -0.033     0.99    
  -0.098    -0.031    -0.0069    0.99    
  -0.098    -0.031    -0.0069    0.99    
   0.63     -0.059    -0.16      0.76    
   0.63      0.023    -0.06      0.77    
   0.63      0.023    -0.06      0.77    
   0.63      0.023    -0.06      0.77    
   0.63      0.023    -0.06      0.77    
   0.63      0.023    -0.06      0.77    
   0.63      0.023    -0.06      0.77    
  -0.49      0.53     -0.4      -0.56    
   0.58      0.11     -0.81      0.012   
   0.58      0.11     -0.81      0.012   
   0.58      0.11     -0.81      0.012   
   0.99      0.076    -0.024     0.1     
   0.99      0.076    -0.024     0.1     
   0.99      0.059    -0.026     0.099   
   0.99      0.059    -0.026     0.099   
  -0.99     -0.033     0.029    -0.099   
  -0.99     -0.033     0.029    -0.099   
  -0.99     -0.007     0.031    -0.098   
  -0.99     -0.007     0.031    -0.098   

XMAT
   1         0         0         0         1         0         0         0         1       
  -0.2      -0.98     -0.04      0.97     -0.19     -0.12      0.11     -0.063     0.99    
  -0.24     -0.97     -0.04      0.96     -0.24     -0.12      0.11     -0.068     0.99    
  -0.25     -0.97      0.017     0.91     -0.24     -0.34      0.33     -0.068     0.94    
  -0.25     -0.97      0.048     0.91     -0.25     -0.33      0.33     -0.038     0.94    
  -0.22     -0.97     -0.13      0.9      -0.25      0.35     -0.37     -0.038     0.93    
  -0.25     -0.97     -0.037     0.97     -0.25     -0.0091   -0.00033  -0.038     1       
  -0.25     -0.97     -0.00013   0.97     -0.25      0.00031  -0.00033  -5e-05     1       
  -0.21     -0.98     -0.04      0.97     -0.21     -0.12      0.11     -0.064     0.99    
  -0.21     -0.98      0.042     0.85     -0.21     -0.48      0.47     -0.064     0.88    
  -0.21     -0.97      0.11      0.85     -0.24     -0.46      0.47     -0.0043    0.88    
  -0.061    -0.97     -0.23      0.27     -0.24      0.93     -0.96     -0.0043    0.27    
  -0.15     -0.97     -0.18      0.63     -0.24      0.74     -0.76     -0.0043    0.65    
  -0.15     -0.97     -0.19      0.63     -0.24      0.74     -0.76     -0.0097    0.65    
  -0.2      -0.98     -0.04      0.97     -0.19     -0.12      0.11     -0.063     0.99    
  -0.2      -0.96      0.21      0.97     -0.22     -0.068     0.11      0.2       0.97    
  -0.2      -0.98     -0.04      0.97     -0.19     -0.12      0.11     -0.063     0.99    
  -0.2      -0.98     -0.04      0.97     -0.19     -0.12      0.11     -0.063     0.99    
  -0.2      -0.98     -0.04      0.97     -0.19     -0.12      0.11     -0.063     0.99    
  -0.2      -0.98     -0.04      0.97     -0.19     -0.12      0.11     -0.063     0.99    
  -0.2      -0.98     -0.04      0.97     -0.19     -0.12      0.11     -0.063     0.99    
  -0.2      -0.98     -0.04      0.97     -0.19     -0.12      0.11     -0.063     0.99    
  -0.04      0.98     -0.2      -0.12      0.19      0.97      0.99      0.063     0.11    
   0.13      0.2       0.97     -0.088    -0.97      0.21      0.99     -0.11     -0.1     
   0.13      0.2       0.97     -0.088    -0.97      0.21      0.99     -0.11     -0.1     
   0.13      0.2       0.97     -0.088    -0.97      0.21      0.99     -0.11     -0.1     
  -0.98      0.2      -0.033    -0.19     -0.97     -0.16     -0.063    -0.15      0.99    
  -0.98      0.2      -0.033    -0.19     -0.97     -0.16     -0.063    -0.15      0.99    
  -0.98      0.2      -0.04     -0.19     -0.97     -0.12     -0.063    -0.11      0.99    
  -0.98      0.2      -0.04     -0.19     -0.97     -0.12     -0.063    -0.11      0.99    
  -0.98      0.2      -0.05     -0.19     -0.98     -0.071    -0.063    -0.06      1       
  -0.98      0.2      -0.05     -0.19     -0.98     -0.071    -0.063    -0.06      1       
  -0.98      0.2      -0.061    -0.19     -0.98     -0.02     -0.063    -0.0077    1       
  -0.98      0.2      -0.061    -0.19     -0.98     -0.02     -0.063    -0.0077    1       
  -0.2      -0.94     -0.29      0.97     -0.16     -0.17      0.11     -0.32      0.94    
  -0.2      -0.98     -0.04      0.97     -0.19     -0.12      0.11     -0.063     0.99    
  -0.2      -0.98     -0.04      0.97     -0.19     -0.12      0.11     -0.063     0.99    
  -0.2      -0.98     -0.04      0.97     -0.19     -0.12      0.11     -0.063     0.99    
  -0.2      -0.98     -0.04      0.97     -0.19     -0.12      0.11     -0.063     0.99    
  -0.2      -0.98     -0.04      0.97     -0.19     -0.12      0.11     -0.063     0.99    
  -0.2      -0.98     -0.04      0.97     -0.19     -0.12      0.11     -0.063     0.99    
   0.04     -0.98     -0.2       0.12     -0.19      0.97     -0.99     -0.063     0.11    
  -0.31     -0.2      -0.93     -0.17      0.97     -0.15      0.93      0.11     -0.34    
  -0.31     -0.2      -0.93     -0.17      0.97     -0.15      0.93      0.11     -0.34    
  -0.31     -0.2      -0.93     -0.17      0.97     -0.15      0.93      0.11     -0.34    
   0.98     -0.2      -0.033     0.19      0.97     -0.16      0.063     0.15      0.99    
   0.98     -0.2      -0.033     0.19      0.97     -0.16      0.063     0.15      0.99    
   0.98     -0.2      -0.04      0.19      0.97     -0.12      0.063     0.11      0.99    
   0.98     -0.2      -0.04      0.19      0.97     -0.12      0.063     0.11      0.99    
   0.98     -0.2      -0.05      0.19      0.98     -0.071     0.063     0.06      1       
   0.98     -0.2      -0.05      0.19      0.98     -0.071     0.063     0.06      1       
   0.98     -0.2      -0.061     0.19      0.98     -0.02      0.063     0.0078    1       
   0.98     -0.2      -0.061     0.19      0.98     -0.02      0.063     0.0078    1       

XIPOS
   0         0         0       
   0.5       0.9       0.94    
   0.44      0.9       0.83    
   0.35      0.87      0.81    
   0.34      0.95      0.63    
   0.35      0.95      0.28    
   0.38      0.87      0.054   
   0.37      0.9       0.029   
   0.57      0.92      0.83    
   0.66      0.94      0.83    
   0.63      1         0.66    
   0.66      0.97      0.44    
   0.72      0.75      0.37    
   0.72      0.75      0.33    
   0.49      0.87      1.2     
   0.28      0.8       1.4     
   0.28      0.81      1.3     
   0.28      0.82      1.3     
   0.27      0.92      1.1     
   0.26      1         1.1     
   0.24      1.1       1.1     
   0.23      1.1       1.1     
   0.24      1.2       1.1     
   0.24      1.2       1.2     
   0.24      1.2       1.2     
   0.24      1.2       1.2     
   0.2       1.3       1.1     
   0.19      1.3       1.1     
   0.2       1.3       1.1     
   0.19      1.3       1.1     
   0.2       1.3       1.1     
   0.2       1.3       1.1     
   0.2       1.3       1.1     
   0.2       1.3       1.1     
   0.68      0.88      1.4     
   0.69      0.9       1.3     
   0.69      0.9       1.3     
   0.69      1         1.1     
   0.67      1.1       1.1     
   0.65      1.1       1.1     
   0.64      1.2       1.1     
   0.61      1.3       1.2     
   0.6       1.3       1.2     
   0.59      1.3       1.2     
   0.58      1.3       1.2     
   0.61      1.3       1.2     
   0.6       1.4       1.2     
   0.61      1.3       1.1     
   0.6       1.4       1.2     
   0.62      1.3       1.1     
   0.61      1.4       1.1     
   0.62      1.3       1.1     
   0.61      1.4       1.1     

XIMAT
   1         0         0         0         1         0         0         0         1       
  -0.037     0.2       0.98     -0.13     -0.97      0.19      0.99     -0.12      0.063   
  -0.95      0.25     -0.19     -0.22     -0.96     -0.16     -0.22     -0.11      0.97    
  -0.33      0.027     0.94      0.89     -0.32      0.32      0.31      0.95      0.082   
  -0.9       0.43      0.047    -0.43     -0.85     -0.3      -0.089    -0.29      0.95    
  -0.59      0.79     -0.13     -0.77     -0.51      0.37      0.23      0.32      0.92    
  -0.25     -0.97     -0.034     0.97     -0.25     -0.02      0.011    -0.038     1       
  -0.014     0.97     -0.25      0.052     0.25      0.97      1         5e-05    -0.054   
  -0.97      0.21      0.11     -0.22     -0.97     -0.09      0.09     -0.11      0.99    
  -0.13      0.027     0.99      0.87     -0.47      0.13      0.47      0.88      0.038   
  -1         0.022     0.095    -0.061    -0.9      -0.44      0.076    -0.44      0.89    
  -0.77     -0.59     -0.23     -0.02     -0.34      0.94     -0.64      0.73      0.25    
  -0.15     -0.97     -0.18      0.64     -0.24      0.73     -0.76     -0.0043    0.66    
  -0.2       0.97     -0.14      0.77      0.24      0.59      0.6       0.0097   -0.8     
  -0.19     -0.98     -0.041     0.97     -0.19     -0.13      0.12     -0.065     0.99    
  -0.097     0.054     0.99      0.99     -0.096     0.1       0.1       0.99     -0.044   
  -0.18     -0.98     -0.1       0.96     -0.2       0.2      -0.22     -0.062     0.97    
  -0.95      0.32     -0.0044   -0.31     -0.94     -0.17     -0.057    -0.16      0.99    
  -0.99     -0.012     0.15      0.15     -0.021     0.99     -0.0085    1         0.022   
  -0.18      0.79      0.58     -0.15     -0.61      0.78      0.97      0.055     0.23    
  -0.25     -0.9      -0.35      0.67      0.097    -0.73      0.7      -0.42      0.58    
  -0.98     -0.06     -0.18     -0.17     -0.09      0.98     -0.075     0.99      0.078   
   0.93     -0.29      0.24      0.24      0.95      0.21     -0.29     -0.13      0.95    
   0.97     -0.23     -0.04      0.21      0.78      0.59     -0.1      -0.58      0.81    
   0.97     -0.22     -0.079     0.21      0.67      0.71     -0.11     -0.7       0.7     
   0.97     -0.23     -0.047     0.21      0.76      0.61     -0.1      -0.61      0.79    
  -0.033     0.97     -0.24     -0.16      0.23      0.96      0.99      0.069     0.14    
  -0.033     1        -0.085    -0.16      0.079     0.98      0.99      0.045     0.15    
  -0.04      0.97     -0.24     -0.12      0.23      0.96      0.99      0.068     0.11    
  -0.04      1        -0.071    -0.12      0.065     0.99      0.99      0.048     0.12    
  -0.05      0.97     -0.24     -0.071     0.23      0.97      1         0.066     0.057   
  -0.05      1        -0.081    -0.071     0.077     0.99      1         0.056     0.067   
  -0.061     0.97     -0.23     -0.02      0.23      0.97      1         0.064     0.0051  
  -0.061     0.99     -0.086    -0.02      0.085     1         1         0.062     0.015   
  -0.3      -0.14      0.94      0.95     -0.13      0.28      0.088     0.98      0.17    
  -0.17     -0.98     -0.1       0.96     -0.19      0.2      -0.22     -0.064     0.97    
  -0.99      0.086    -0.054    -0.075    -0.98     -0.18     -0.068    -0.17      0.98    
  -0.85     -0.11     -0.51     -0.51     -0.039     0.86     -0.11      0.99     -0.02    
  -0.18      0.79      0.58     -0.15     -0.61      0.78      0.97      0.055     0.23    
  -0.25     -0.9      -0.35      0.67      0.097    -0.73      0.7      -0.42      0.58    
  -0.97     -0.034    -0.22     -0.22     -0.085     0.97     -0.051     1         0.075   
  -0.86     -0.051     0.51     -0.097     0.99     -0.063    -0.51     -0.1      -0.86    
  -0.93     -0.056    -0.37     -0.16     -0.84      0.52     -0.34      0.54      0.77    
  -0.93      0.12      0.35     -0.15      0.74     -0.66     -0.34     -0.66     -0.67    
  -0.93     -0.067    -0.36     -0.16     -0.82      0.55     -0.34      0.57      0.75    
  -0.033    -0.99      0.17     -0.16     -0.16     -0.97      0.99     -0.058    -0.15    
  -0.033    -0.94      0.33     -0.16     -0.32     -0.94      0.99     -0.082    -0.14    
  -0.04     -0.99      0.16     -0.12     -0.15     -0.98      0.99     -0.059    -0.11    
  -0.04     -0.94      0.33     -0.12     -0.32     -0.94      0.99     -0.077    -0.1     
  -0.05     -0.99      0.16     -0.071    -0.15     -0.99      1        -0.061    -0.062   
  -0.05     -0.95      0.31     -0.071    -0.31     -0.95      1        -0.07     -0.052   
  -0.06     -0.99      0.15     -0.02     -0.15     -0.99      1        -0.063    -0.01    
  -0.052    -0.95      0.3      -0.017    -0.3      -0.95      1        -0.055    -0.00059 

XANCHOR
   0.5       0.89      0.99    
   0.42      0.89      0.82    
   0.35      0.88      0.81    
   0.35      0.88      0.81    
   0.33      1         0.44    
   0.38      0.87      0.065   
   0.38      0.87      0.045   
   0.59      0.93      0.83    
   0.66      0.94      0.83    
   0.66      0.94      0.83    
   0.62      1.1       0.48    
   0.71      0.76      0.37    
   0.72      0.74      0.36    

XAXIS
   0         0         1       
  -0.04     -0.12      0.99    
  -0.97     -0.24     -0.068   
  -0.25      0.91      0.33    
  -0.97     -0.25     -0.038   
  -0.97     -0.25     -0.038   
  -0.25      0.97     -0.00033 
  -0.04     -0.12      0.99    
  -0.98     -0.21     -0.064   
  -0.21      0.85      0.47    
  -0.97     -0.24     -0.0043  
  -0.97     -0.24     -0.0043  
  -0.15      0.63     -0.76    

GEOM_XPOS
   0         0         0       
   0.5       0.9       0.94    
   0.5       0.89      0.99    
   0.44      0.9       0.83    
   0.41      0.91      0.82    
   0.36      0.87      0.81    
   0.34      0.94      0.62    
   0.33      0.95      0.62    
   0.29      0.86      0.81    
   0.35      0.95      0.29    
   0.35      0.94      0.25    
   0.38      0.87      0.054   
   0.38      0.87      0.054   
   0.37      0.9       0.026   
   0.37      0.9       0.026   
   0.57      0.92      0.84    
   0.59      0.95      0.83    
   0.66      0.93      0.83    
   0.66      1         0.66    
   0.64      1         0.65    
   0.72      0.96      0.83    
   0.66      0.98      0.44    
   0.67      0.94      0.43    
   0.72      0.75      0.37    
   0.72      0.75      0.37    
   0.72      0.75      0.32    
   0.72      0.75      0.32    
   0.48      0.86      1.3     
   0.49      0.87      1.1     
   0.48      0.84      1.4     
   0.28      0.79      1.4     
   0.28      0.79      1.4     
   0.28      0.82      1.3     
   0.28      0.82      1.3     
   0.29      0.83      1.1     
   0.29      0.83      1.1     
   0.27      0.89      1.1     
   0.27      0.89      1.1     
   0.25      1         1.1     
   0.25      1         1.1     
   0.24      1.1       1.1     
   0.24      1.1       1.1     
   0.24      1.1       1.1     
   0.22      1.2       1.1     
   0.22      1.2       1.1     
   0.24      1.2       1.1     
   0.24      1.2       1.1     
   0.24      1.2       1.2     
   0.24      1.2       1.2     
   0.24      1.2       1.2     
   0.24      1.2       1.2     
   0.24      1.2       1.2     
   0.24      1.2       1.2     
   0.2       1.3       1.1     
   0.2       1.3       1.1     
   0.19      1.3       1.1     
   0.19      1.3       1.1     
   0.2       1.3       1.1     
   0.2       1.3       1.1     
   0.19      1.3       1.1     
   0.19      1.3       1.1     
   0.2       1.3       1.1     
   0.2       1.3       1.1     
   0.2       1.3       1.1     
   0.2       1.3       1.1     
   0.2       1.3       1.1     
   0.2       1.3       1.1     
   0.2       1.3       1.1     
   0.2       1.3       1.1     
   0.68      0.87      1.4     
   0.68      0.87      1.4     
   0.69      0.9       1.4     
   0.69      0.9       1.4     
   0.69      0.91      1.2     
   0.69      0.91      1.2     
   0.7       0.98      1.1     
   0.7       0.98      1.1     
   0.67      1.1       1.1     
   0.67      1.1       1.1     
   0.65      1.1       1.1     
   0.65      1.1       1.1     
   0.65      1.2       1.1     
   0.63      1.3       1.1     
   0.63      1.3       1.1     
   0.61      1.3       1.2     
   0.61      1.3       1.2     
   0.6       1.3       1.2     
   0.6       1.3       1.2     
   0.59      1.3       1.2     
   0.59      1.3       1.2     
   0.58      1.3       1.2     
   0.58      1.3       1.2     
   0.61      1.3       1.2     
   0.61      1.3       1.2     
   0.6       1.4       1.2     
   0.6       1.4       1.2     
   0.61      1.3       1.1     
   0.61      1.3       1.1     
   0.6       1.4       1.2     
   0.6       1.4       1.2     
   0.62      1.3       1.1     
   0.62      1.3       1.1     
   0.61      1.4       1.1     
   0.61      1.4       1.1     
   0.62      1.3       1.1     
   0.62      1.3       1.1     
   0.61      1.4       1.1     
   0.61      1.4       1.1     

GEOM_XMAT
   1         0         0         0         1         0         0         0         1       
  -0.04      0.2       0.98     -0.12     -0.97      0.19      0.99     -0.11      0.063   
  -0.2      -0.98     -0.04      0.97     -0.19     -0.12      0.11     -0.063     0.99    
  -0.92      0.24     -0.31     -0.19     -0.96     -0.18     -0.34     -0.11      0.93    
   0.04     -0.97     -0.24      0.12     -0.24      0.96     -0.99     -0.068     0.11    
  -0.42      0.01      0.91      0.86     -0.32      0.4       0.3       0.95      0.13    
  -0.25     -0.97      0.017     0.91     -0.24     -0.34      0.33     -0.068     0.94    
  -0.97      0.26      0.03     -0.25     -0.92     -0.29     -0.048    -0.29      0.96    
  -0.25      0.048     0.97      0.91     -0.33      0.25      0.33      0.94      0.038   
  -0.97      0.21     -0.14     -0.25     -0.88      0.41     -0.038     0.43      0.9     
  -0.22     -0.97     -0.13      0.9      -0.25      0.35     -0.37     -0.038     0.93    
  -0.25     -0.97     -0.033     0.97     -0.25     -0.023     0.014    -0.038     1       
  -0.25     -0.97     -0.033     0.97     -0.25     -0.023     0.014    -0.038     1       
  -0.013     0.97     -0.25      0.05      0.25      0.97      1        -9.6e-06  -0.051   
  -0.013     0.97     -0.25      0.05      0.25      0.97      1        -9.6e-06  -0.051   
  -0.95      0.21      0.24     -0.23     -0.97     -0.058     0.22     -0.11      0.97    
   0.04     -0.98     -0.21      0.12     -0.21      0.97     -0.99     -0.064     0.11    
  -0.034     0.041     1         0.89     -0.46      0.049     0.46      0.89     -0.02    
  -0.21     -0.98      0.042     0.85     -0.21     -0.48      0.47     -0.064     0.88    
  -0.97      0.21      0.11     -0.23     -0.87     -0.43      0.0066   -0.44      0.9     
  -0.21      0.11      0.97      0.85     -0.46      0.24      0.47      0.88      0.0043  
  -0.97      0.045    -0.23     -0.24     -0.2       0.95     -0.0045    0.98      0.21    
  -0.061    -0.97     -0.23      0.27     -0.24      0.93     -0.96     -0.0043    0.27    
  -0.15     -0.97     -0.18      0.64     -0.24      0.73     -0.75     -0.0043    0.66    
  -0.15     -0.97     -0.18      0.64     -0.24      0.73     -0.75     -0.0043    0.66    
  -0.2       0.97     -0.14      0.77      0.24      0.59      0.61      0.0096   -0.79    
  -0.2       0.97     -0.14      0.77      0.24      0.59      0.61      0.0096   -0.79    
  -0.2      -0.98     -0.055     0.98     -0.19     -0.047     0.036    -0.064     1       
  -0.2      -0.98     -0.04      0.97     -0.19     -0.12      0.11     -0.063     0.99    
  -0.024     0.99     -0.12     -0.12      0.11      0.99      0.99      0.038     0.12    
  -0.2       0.073     0.98      0.97     -0.09      0.21      0.1       0.99     -0.052   
  -0.2       0.073     0.98      0.97     -0.09      0.21      0.1       0.99     -0.052   
  -0.18     -0.98     -0.1       0.96     -0.19      0.19     -0.2      -0.063     0.98    
  -0.18     -0.98     -0.1       0.96     -0.19      0.19     -0.2      -0.063     0.98    
  -0.96      0.26     -0.069    -0.25     -0.95     -0.18     -0.11     -0.15      0.98    
  -0.96      0.26     -0.069    -0.25     -0.95     -0.18     -0.11     -0.15      0.98    
  -0.99     -0.025     0.11      0.11     -0.0018    0.99     -0.024     1         0.0046  
  -0.99     -0.025     0.11      0.11     -0.0018    0.99     -0.024     1         0.0046  
  -0.04     -0.43      0.9      -0.12     -0.89     -0.44      0.99     -0.13     -0.017   
  -0.04     -0.43      0.9      -0.12     -0.89     -0.44      0.99     -0.13     -0.017   
  -0.4      -0.91     -0.074     0.86     -0.35     -0.38      0.32     -0.22      0.92    
  -0.4      -0.91     -0.074     0.86     -0.35     -0.38      0.32     -0.22      0.92    
  -0.98      0.2      -0.033    -0.19     -0.97     -0.15     -0.063    -0.14      0.99    
  -0.97     -0.093    -0.22     -0.21     -0.11      0.97     -0.12      0.99      0.092   
  -0.97     -0.093    -0.22     -0.21     -0.11      0.97     -0.12      0.99      0.092   
   0.92     -0.29      0.26      0.23      0.94      0.24     -0.31     -0.16      0.94    
   0.92     -0.29      0.26      0.23      0.94      0.24     -0.31     -0.16      0.94    
   0.97     -0.24     -0.023     0.21      0.82      0.53     -0.11     -0.52      0.85    
   0.97     -0.24     -0.023     0.21      0.82      0.53     -0.11     -0.52      0.85    
   0.97     -0.23     -0.051     0.21      0.76      0.62     -0.1      -0.61      0.78    
   0.97     -0.23     -0.051     0.21      0.76      0.62     -0.1      -0.61      0.78    
   0.97     -0.23     -0.048     0.21      0.76      0.61     -0.1      -0.6       0.79    
   0.97     -0.23     -0.048     0.21      0.76      0.61     -0.1      -0.6       0.79    
  -0.033     0.98     -0.19     -0.16      0.18      0.97      0.99      0.061     0.15    
  -0.033     0.98     -0.19     -0.16      0.18      0.97      0.99      0.061     0.15    
  -0.033     0.99     -0.096    -0.16      0.089     0.98      0.99      0.047     0.15    
  -0.033     0.99     -0.096    -0.16      0.089     0.98      0.99      0.047     0.15    
  -0.04      0.98     -0.18     -0.12      0.18      0.98      0.99      0.061     0.11    
  -0.04      0.98     -0.18     -0.12      0.18      0.98      0.99      0.061     0.11    
  -0.04      1        -0.084    -0.12      0.078     0.99      0.99      0.05      0.12    
  -0.04      1        -0.084    -0.12      0.078     0.99      0.99      0.05      0.12    
  -0.05      0.98     -0.18     -0.071     0.18      0.98      1         0.062     0.061   
  -0.05      0.98     -0.18     -0.071     0.18      0.98      1         0.062     0.061   
  -0.05      0.99     -0.092    -0.071     0.088     0.99      1         0.056     0.066   
  -0.05      0.99     -0.092    -0.071     0.088     0.99      1         0.056     0.066   
  -0.061     0.98     -0.18     -0.02      0.18      0.98      1         0.063     0.0088  
  -0.061     0.98     -0.18     -0.02      0.18      0.98      1         0.063     0.0088  
  -0.061     0.99     -0.098    -0.02      0.097     1         1         0.062     0.014   
  -0.061     0.99     -0.098    -0.02      0.097     1         1         0.062     0.014   
  -0.2      -0.16      0.97      0.97     -0.14      0.18      0.1       0.98      0.18    
  -0.2      -0.16      0.97      0.97     -0.14      0.18      0.1       0.98      0.18    
  -0.18     -0.98     -0.1       0.96     -0.19      0.19     -0.2      -0.063     0.98    
  -0.18     -0.98     -0.1       0.96     -0.19      0.19     -0.2      -0.063     0.98    
  -0.99      0.14      0.0085   -0.14     -0.98     -0.16     -0.014    -0.16      0.99    
  -0.99      0.14      0.0085   -0.14     -0.98     -0.16     -0.014    -0.16      0.99    
  -0.87     -0.1      -0.48     -0.48     -0.017     0.88     -0.096     0.99     -0.034   
  -0.87     -0.1      -0.48     -0.48     -0.017     0.88     -0.096     0.99     -0.034   
  -0.039     0.75      0.66     -0.12     -0.66      0.75      0.99     -0.051     0.12    
  -0.039     0.75      0.66     -0.12     -0.66      0.75      0.99     -0.051     0.12    
   0.0054   -1         0.099     0.94     -0.029    -0.35      0.35      0.094     0.93    
   0.0054   -1         0.099     0.94     -0.029    -0.35      0.35      0.094     0.93    
  -0.98      0.2      -0.033    -0.19     -0.97     -0.15     -0.063    -0.14      0.99    
   0.98     -0.0074   -0.18      0.18      0.096     0.98      0.0096   -1         0.096   
   0.98     -0.0074   -0.18      0.18      0.096     0.98      0.0096   -1         0.096   
  -0.84     -0.048     0.54     -0.11      0.99     -0.089    -0.53     -0.14     -0.84    
  -0.84     -0.048     0.54     -0.11      0.99     -0.089    -0.53     -0.14     -0.84    
  -0.93     -0.033    -0.37     -0.15     -0.88      0.46     -0.34      0.48      0.81    
  -0.93     -0.033    -0.37     -0.15     -0.88      0.46     -0.34      0.48      0.81    
  -0.93     -0.076    -0.36     -0.15     -0.81      0.56     -0.34      0.58      0.74    
  -0.93     -0.076    -0.36     -0.15     -0.81      0.56     -0.34      0.58      0.74    
  -0.93     -0.071    -0.36     -0.15     -0.82      0.55     -0.34      0.57      0.75    
  -0.93     -0.071    -0.36     -0.15     -0.82      0.55     -0.34      0.57      0.75    
  -0.033    -0.97      0.22     -0.16     -0.22     -0.96      0.99     -0.067    -0.15    
  -0.033    -0.97      0.22     -0.16     -0.22     -0.96      0.99     -0.067    -0.15    
  -0.033    -0.95      0.32     -0.16     -0.31     -0.94      0.99     -0.08     -0.14    
  -0.033    -0.95      0.32     -0.16     -0.31     -0.94      0.99     -0.08     -0.14    
  -0.04     -0.98      0.22     -0.12     -0.21     -0.97      0.99     -0.065    -0.11    
  -0.04     -0.98      0.22     -0.12     -0.21     -0.97      0.99     -0.065    -0.11    
  -0.04     -0.95      0.31     -0.12     -0.31     -0.94      0.99     -0.076    -0.1     
  -0.04     -0.95      0.31     -0.12     -0.31     -0.94      0.99     -0.076    -0.1     
  -0.05     -0.98      0.21     -0.071    -0.21     -0.97      1        -0.064    -0.059   
  -0.05     -0.98      0.21     -0.071    -0.21     -0.97      1        -0.064    -0.059   
  -0.05     -0.95      0.3      -0.071    -0.3      -0.95      1        -0.069    -0.053   
  -0.05     -0.95      0.3      -0.071    -0.3      -0.95      1        -0.069    -0.053   
  -0.061    -0.98      0.21     -0.02     -0.21     -0.98      1        -0.063    -0.0067  
  -0.061    -0.98      0.21     -0.02     -0.21     -0.98      1        -0.063    -0.0067  
  -0.061    -0.95      0.29     -0.02     -0.29     -0.96      1        -0.064    -0.0015  
  -0.061    -0.95      0.29     -0.02     -0.29     -0.96      1        -0.064    -0.0015  

SITE_XPOS
   0.52      0.82      1.3     

SITE_XMAT
  -0.2      -0.98     -0.04      0.97     -0.19     -0.12      0.11     -0.063     0.99    

LIGHT_XPOS
   1         0         3.5     

LIGHT_XDIR
   0         0        -1       

SUBTREE_COM
   0.49      0.91      0.92    
   0.49      0.91      0.92    
   0.37      0.92      0.58    
   0.35      0.93      0.52    
   0.35      0.94      0.44    
   0.35      0.94      0.23    
   0.37      0.89      0.032   
   0.37      0.9       0.029   
   0.64      0.96      0.65    
   0.65      0.97      0.61    
   0.65      0.98      0.54    
   0.67      0.93      0.42    
   0.72      0.75      0.33    
   0.72      0.75      0.33    
   0.48      0.89      1.2     
   0.27      0.88      1.2     
   0.27      0.9       1.2     
   0.27      0.93      1.2     
   0.25      1         1.1     
   0.25      1.1       1.1     
   0.24      1.1       1.1     
   0.23      1.2       1.1     
   0.24      1.2       1.2     
   0.24      1.2       1.2     
   0.24      1.2       1.2     
   0.24      1.2       1.2     
   0.2       1.3       1.1     
   0.19      1.3       1.1     
   0.2       1.3       1.1     
   0.19      1.3       1.1     
   0.2       1.3       1.1     
   0.2       1.3       1.1     
   0.2       1.3       1.1     
   0.2       1.3       1.1     
   0.68      0.96      1.3     
   0.68      0.98      1.2     
   0.68      1         1.2     
   0.67      1.1       1.1     
   0.66      1.1       1.1     
   0.65      1.2       1.1     
   0.63      1.2       1.1     
   0.59      1.3       1.2     
   0.59      1.3       1.2     
   0.58      1.3       1.2     
   0.58      1.3       1.2     
   0.61      1.4       1.2     
   0.6       1.4       1.2     
   0.61      1.4       1.2     
   0.6       1.4       1.2     
   0.61      1.4       1.1     
   0.61      1.4       1.1     
   0.61      1.4       1.1     
   0.61      1.4       1.1     

CDOF
   0         0         0         1         0         0       
   0         0         0         0         1         0       
   0         0         0         0         0         1       
  -0.2       0.97      0.11     -0.07     -0.014     0.00073 
  -0.98     -0.19     -0.063     0.015    -0.067    -0.023   
  -0.04     -0.12      0.99     -0.014    -0.0081   -0.0016  
  -0.04     -0.12      0.99     -0.032     0.077     0.0082  
  -0.97     -0.24     -0.068    -0.022     0.09     -0.0015  
  -0.25      0.91      0.33      0.082     0.074    -0.14    
  -0.97     -0.25     -0.038    -0.12      0.46      0.13    
  -0.97     -0.25     -0.038    -0.21      0.82     -0.017   
  -0.25      0.97     -0.00033   0.84      0.22     -0.12    
  -0.04     -0.12      0.99      0.0035   -0.093    -0.011   
  -0.98     -0.21     -0.064    -0.019     0.092    -0.006   
  -0.21      0.85      0.47      0.085    -0.064     0.15    
  -0.97     -0.24     -0.0043   -0.1       0.42      0.18    
  -0.97     -0.24     -0.0043   -0.13      0.53     -0.21    
  -0.15      0.63     -0.76      0.48      0.25      0.11    

CINERT
   0         0         0         0         0         0         0         0         0         0       
   0.015     0.051     0.055    -0.0068   -0.0036    0.0013    0.044    -0.1       0.13      6       
   0.029     0.034     0.011    -0.0017   -0.012    -0.0034   -0.14     -0.04     -0.25      2.8     
   0.042     0.096     0.068    -0.018    -0.044    -0.013    -0.41     -0.13     -0.31      2.9     
   0.46      0.56      0.13      0.025    -0.21      0.056    -0.74      0.16     -1.4       5       
   1.6       1.7       0.095     0.021    -0.35      0.073    -0.56      0.13     -2.4       3.8     
   0.076     0.077     0.0016   -0.00055  -0.01     -0.0042   -0.012    -0.0048   -0.088     0.1     
   0.59      0.6       0.015    -0.00099  -0.081    -0.012    -0.091    -0.014    -0.66      0.75    
   0.025     0.038     0.018    -0.0014    0.017     0.002     0.2       0.023    -0.23      2.8     
   0.027     0.11      0.089    -0.011     0.042     0.0061    0.49      0.065    -0.25      2.9     
   0.44      0.45      0.19     -0.083     0.17      0.17      0.7       0.6      -1.2       5       
   0.94      1         0.16     -0.029     0.31      0.097     0.64      0.22     -1.8       3.8     
   0.034     0.036     0.0079    0.0038    0.012    -0.0094    0.023    -0.017    -0.056     0.1     
   0.28      0.3       0.059     0.028     0.097    -0.072     0.17     -0.12     -0.44      0.75    
   1.8       1.8       0.18     -0.021     0.037     0.28     -0.099    -0.85      4.8       18      
   0.33      0.38      0.079    -0.032     0.14      0.073    -0.29     -0.15      0.64      1.3     
   0.22      0.27      0.078    -0.03      0.11      0.053    -0.3      -0.14      0.53      1.4     
   0.19      0.25      0.082    -0.03      0.11      0.049    -0.32     -0.14      0.51      1.5     
   0.019     0.053     0.036     0.00066   0.025    -0.00056  -0.15      0.0034    0.11      0.69    
   0.024     0.057     0.042     0.013     0.027    -0.0096   -0.16      0.057     0.12      0.68    
   0.026     0.045     0.041     0.018     0.021    -0.013    -0.12      0.073     0.084     0.48    
   0.023     0.028     0.033     0.016     0.013    -0.011    -0.07      0.06      0.049     0.27    
   0.00022   0.00021   0.00026   0.00013   0.0001   -0.00011  -0.00049   0.0005    0.00041   0.0019  
   0.00089   0.00083   0.00092   0.00046   0.00041  -0.00044  -0.0017    0.0018    0.0016    0.0066  
   0.00061   0.00054   0.00056   0.00028   0.00027  -0.0003   -0.00097   0.0011    0.0011    0.0038  
   0.00061   0.00052   0.00053   0.00026   0.00026  -0.0003   -0.00086   0.001     0.001     0.0033  
   0.00072   0.00058   0.00087   0.00043   0.00028  -0.00033  -0.0012    0.0015    0.00095   0.0042  
   0.00092   0.00065   0.0011    0.00052   0.00032  -0.0004   -0.0014    0.0018    0.0011    0.0046  
   0.00069   0.00054   0.00087   0.00043   0.00025  -0.0003   -0.0012    0.0015    0.00087   0.0042  
   0.00098   0.00067   0.0012    0.00058   0.00032  -0.00041  -0.0015    0.002     0.0011    0.005   
   0.00066   0.00051   0.00088   0.00043   0.00023  -0.00027  -0.0012    0.0015    0.00079   0.0042  
   0.00085   0.00057   0.0011    0.00053   0.00026  -0.00033  -0.0014    0.0018    0.00086   0.0046  
   0.00064   0.00047   0.00088   0.00043   0.0002   -0.00025  -0.0012    0.0015    0.0007    0.0042  
   0.00064   0.00042   0.00085   0.00041   0.00018  -0.00023  -0.0011    0.0014    0.0006    0.0036  
   0.35      0.4       0.05      0.0081   -0.13      0.022     0.25     -0.043     0.68      1.3     
   0.23      0.29      0.055     0.0052   -0.11      0.01      0.27     -0.026     0.57      1.4     
   0.21      0.27      0.061     0.0037   -0.11      0.0074    0.3      -0.019     0.55      1.5     
   0.03      0.051     0.032    -0.011    -0.025    -0.011     0.13      0.061     0.13      0.69    
   0.045     0.048     0.04     -0.02     -0.024    -0.022     0.12      0.11      0.13      0.68    
   0.046     0.032     0.039    -0.018    -0.015    -0.022     0.078     0.11      0.097     0.48    
   0.038     0.017     0.031    -0.012    -0.008    -0.017     0.038     0.082     0.056     0.27    
   0.00032   0.00013   0.00024  -7.6e-05  -5.3e-05  -0.00015   0.00022   0.00064   0.00045   0.0019  
   0.0013    0.00055   0.00086  -0.00024  -0.00019  -0.00061   0.00071   0.0023    0.0018    0.0066  
   0.00082   0.00037   0.00052  -0.00013  -0.00011  -0.00041   0.00035   0.0014    0.0011    0.0038  
   0.0008    0.00036   0.00048  -0.0001   -8.9e-05  -0.0004    0.00028   0.0012    0.0011    0.0033  
   0.001     0.00033   0.00083  -0.00022  -0.00013  -0.00046   0.00051   0.0018    0.0011    0.0042  
   0.0013    0.00036   0.001    -0.00023  -0.00013  -0.00055   0.0005    0.0021    0.0012    0.0046  
   0.001     0.00029   0.00084  -0.00022  -0.00012  -0.00042   0.00051   0.0018    0.00098   0.0042  
   0.0014    0.00034   0.0012   -0.00026  -0.00013  -0.00056   0.00056   0.0024    0.0012    0.005   
   0.00098   0.00025   0.00085  -0.00022  -0.00011  -0.00039   0.00052   0.0018    0.0009    0.0042  
   0.0012    0.00027   0.0011   -0.00024  -0.00011  -0.00046   0.00051   0.0021    0.00098   0.0046  
   0.00095   0.00022   0.00086  -0.00022  -0.0001   -0.00035   0.00052   0.0018    0.00082   0.0042  
   0.00092   0.00018   0.00083  -0.00019  -7.9e-05  -0.00032   0.00041   0.0017    0.00069   0.0036  

ACTUATOR_LENGTH
   0.046   
  -0.23    
   0.032   
   0.72    
  -0.38    
   0.038   
   0.011   
  -0.38    
   0.068   
   1.8     
  -0.43    
  -0.0084  

actuator_moment
--------------------
       x            |
        x           |
         x          |
          x         |
           x        |
            x       |
             x      |
              x     |
               x    |
                x   |
                 x  |
                  x |
--------------------

ACTUATOR_MOMENT
     6:  1       
     7:  1       
     8:  1       
     9:  1       
    10:  1       
    11:  1       
    12:  1       
    13:  1       
    14:  1       
    15:  1       
    16:  1       
    17:  1       

CRB
   0         0         0         0         0         0         0         0         0         0       
   8.1       9         1.8      -0.18      0.0009    0.66     -6e-15    -1.7e-15  -4.4e-15   67      
   2.8       3         0.32      0.024    -0.71      0.096    -1.9       0.11     -5.2       15      
   2.8       3         0.31      0.026    -0.7       0.1      -1.8       0.15     -4.9       13      
   2.7       2.9       0.24      0.044    -0.65      0.11     -1.4       0.27     -4.6       9.6     
   2.3       2.4       0.11      0.019    -0.44      0.057    -0.66      0.11     -3.2       4.7     
   0.67      0.68      0.016    -0.0015   -0.091    -0.016    -0.1      -0.018    -0.75      0.85    
   0.59      0.6       0.015    -0.00099  -0.081    -0.012    -0.091    -0.014    -0.66      0.75    
   1.7       1.9       0.52     -0.093     0.65      0.19      2.2       0.77     -4.1       15      
   1.7       1.9       0.5      -0.092     0.63      0.19      2         0.74     -3.8       13      
   1.7       1.8       0.41     -0.08      0.59      0.18      1.5       0.68     -3.6       9.6     
   1.3       1.3       0.22      0.0026    0.42      0.015     0.83      0.077    -2.3       4.7     
   0.32      0.33      0.067     0.032     0.11     -0.082     0.19     -0.14     -0.5       0.85    
   0.28      0.3       0.059     0.028     0.097    -0.072     0.17     -0.12     -0.44      0.75    
   3.6       4         0.9      -0.11      0.062     0.37     -0.32     -0.77      9.1       31      
   0.84      1.1       0.4      -0.039     0.45      0.14     -1.4      -0.22      2.1       6.4     
   0.51      0.7       0.32     -0.0068    0.31      0.064    -1.1      -0.07      1.4       5.1     
   0.29      0.44      0.24      0.023     0.2       0.011    -0.84      0.069     0.88      3.7     
   0.1       0.19      0.16      0.053     0.089    -0.038    -0.52      0.21      0.37      2.2     
   0.082     0.14      0.13      0.052     0.064    -0.037    -0.36      0.21      0.26      1.5     
   0.057     0.079     0.084     0.039     0.037    -0.027    -0.21      0.15      0.14      0.8     
   0.032     0.034     0.043     0.021     0.016    -0.015    -0.084     0.077     0.06      0.32    
   0.0023    0.0021    0.0023    0.0011    0.001    -0.0012   -0.004     0.0044    0.0041    0.016   
   0.0021    0.0019    0.002     0.001     0.00094  -0.001    -0.0035    0.0039    0.0037    0.014   
   0.0012    0.0011    0.0011    0.00054   0.00053  -0.00061  -0.0018    0.0021    0.0021    0.0071  
   0.00061   0.00052   0.00053   0.00026   0.00026  -0.0003   -0.00086   0.001     0.001     0.0033  
   0.0016    0.0012    0.002     0.00095   0.0006   -0.00073  -0.0026    0.0032    0.002     0.0088  
   0.00092   0.00065   0.0011    0.00052   0.00032  -0.0004   -0.0014    0.0018    0.0011    0.0046  
   0.0017    0.0012    0.0021    0.001     0.00057  -0.00071  -0.0027    0.0034    0.0019    0.0093  
   0.00098   0.00067   0.0012    0.00058   0.00032  -0.00041  -0.0015    0.002     0.0011    0.005   
   0.0015    0.0011    0.002     0.00096   0.00049  -0.00061  -0.0026    0.0033    0.0016    0.0088  
   0.00085   0.00057   0.0011    0.00053   0.00026  -0.00033  -0.0014    0.0018    0.00086   0.0046  
   0.0013    0.00089   0.0017    0.00084   0.00038  -0.00048  -0.0023    0.0029    0.0013    0.0078  
   0.00064   0.00042   0.00085   0.00041   0.00018  -0.00023  -0.0011    0.0014    0.0006    0.0036  
   0.96      1.1       0.32     -0.046    -0.42     -0.038     1.2       0.3       2.2       6.4     
   0.61      0.7       0.27     -0.055    -0.29     -0.06      0.95      0.34      1.5       5.1     
   0.38      0.42      0.21     -0.06     -0.18     -0.071     0.68      0.37      0.98      3.7     
   0.17      0.15      0.15     -0.063    -0.073    -0.078     0.38      0.39      0.43      2.2     
   0.14      0.1       0.12     -0.052    -0.048    -0.067     0.24      0.33      0.3       1.5     
   0.095     0.053     0.08     -0.032    -0.025    -0.045     0.12      0.22      0.16      0.8     
   0.05      0.021     0.041    -0.014    -0.0093   -0.022     0.044     0.1       0.068     0.32    
   0.0032    0.0014    0.0021   -0.00055  -0.00044  -0.0016    0.0016    0.0055    0.0044    0.016   
   0.0029    0.0013    0.0019   -0.00047  -0.00038  -0.0014    0.0013    0.0049    0.004     0.014   
   0.0016    0.00074   0.001    -0.00023  -0.00019  -0.0008    0.00063   0.0026    0.0022    0.0071  
   0.0008    0.00036   0.00048  -0.0001   -8.9e-05  -0.0004    0.00028   0.0012    0.0011    0.0033  
   0.0023    0.00069   0.0019   -0.00045  -0.00026  -0.001     0.001     0.0039    0.0022    0.0088  
   0.0013    0.00036   0.001    -0.00023  -0.00013  -0.00055   0.0005    0.0021    0.0012    0.0046  
   0.0024    0.00063   0.002    -0.00048  -0.00025  -0.00098   0.0011    0.0042    0.0022    0.0093  
   0.0014    0.00034   0.0012   -0.00026  -0.00013  -0.00056   0.00056   0.0024    0.0012    0.005   
   0.0022    0.00052   0.0019   -0.00046  -0.00022  -0.00085   0.001     0.004     0.0019    0.0088  
   0.0012    0.00027   0.0011   -0.00024  -0.00011  -0.00046   0.00051   0.0021    0.00098   0.0046  
   0.0019    0.0004    0.0017   -0.00042  -0.00018  -0.00068   0.00093   0.0035    0.0015    0.0078  
   0.00092   0.00018   0.00083  -0.00019  -7.9e-05  -0.00032   0.00041   0.0017    0.00069   0.0036  

QM
   67      
   0         67      
   0         0         67      
  -4.7      -0.97      0.049     9.4     
   1        -4.5      -1.6      -0.015     8.4     
  -0.94     -0.55     -0.11     -0.1       0.3       1.8     
   0.042    -0.95     -0.12      0.02      0.48      0.22      0.15    
   0.91     -3.5      -0.59     -0.15      2.5       0.65      0.33      1.9     
  -3.5      -0.89     -0.18      2.4       0.13      0.037     0.022     0.013     1.8     
   0.22     -0.92      0.35      0.03      0.76      0.17      0.088     0.61      8.9e-05   0.31    
   0.0078   -0.027    -0.022    -0.0046    0.03      0.0057    0.0031    0.026    -1.5e-05   0.012     0.015   
  -0.012    -0.003    -5.9e-07   0.012     0.00064  -0.00073  -0.00078   8.5e-05   0.0095    4.8e-05  -1.9e-05   0.011   
  -0.21      0.6       0.066    -0.039    -0.25      0.25                                                                  0.2     
   0.6      -2.7      -0.39     -0.0085    1.6      -0.39                                                                 -0.14      1.1     
  -2.6      -0.65      0.026     1.3       0.052    -0.012                                                                -0.0024    0.023     0.86    
   0.069    -0.3       0.96     -0.18      0.26     -0.018                                                                -0.00049   0.23     -0.00011   0.31    
   0.0083   -0.034     0.0071   -0.0029    0.028    -0.0041                                                               -0.0011    0.023    -1.4e-06   0.012     0.015   
  -0.012    -0.0029   -0.00012   0.0081    0.00056  -0.0036                                                               -0.0035    0.00041   0.0045   -1.2e-05   4.3e-06   0.011   

QLD
     0:  47      
     0: -0.0065     1:  45      
     0:  0.006      1: -0.063      2:  60      
     0:  1          1:  0.25       2:  0.11       3:  4       
     0: -0.27       1:  1.5        2:  0.034      3: -0.0085     4:  2.9     
     0: -0.73       1: -0.15       2: -0.057      3: -0.037      4: -0.017      5:  1.1     
     0: -0.97       1: -3.5        2:  0.73       3:  0.34       4:  0.54       5:  1.2        6:  0.088   
     0:  0.69       1: -2.4        2: -1.8        3: -0.31       4:  1.4        5:  0.45       6:  0.22       7:  0.72    
     0: -1.9        1: -0.49       2: -0.098      3:  1.4        4:  0.07       5:  0.021      6:  0.012      7:  0.007      8:  1.8     
     0:  0.71       1: -3          2:  1.2        3:  0.11       4:  2.4        5:  0.53       6:  0.28       7:  2          8:  0.00015    9:  0.3     
     0:  0.51       1: -1.8        2: -1.5        3: -0.3        4:  2          5:  0.38       6:  0.21       7:  1.7        8:  0.00015    9:  0.81      10:  0.015   
     0: -1.1        1: -0.27       2: -5.5e-05    3:  1.1        4:  0.059      5: -0.067      6: -0.072      7:  0.0079     8:  0.88       9:  0.0044    10: -0.0018    11:  0.011   
     0: -0.68       1:  1.3        2: -0.5        3: -0.13       4: -0.23       5:  1.1       12:  0.18    
     0:  0.63       1: -2.6        2: -1.1        3:  0.086      4:  1.4        5: -0.39      12: -0.15      13:  0.97    
     0: -3          1: -0.75       2:  0.03       3:  1.5        4:  0.06       5: -0.013     12: -0.0011    13:  0.027     14:  0.86    
     0:  0.2        1: -0.89       2:  3.1        3: -0.59       4:  0.78       5: -0.048     12:  0.0013    13:  0.69      14: -0.00035   15:  0.3     
     0:  0.55       1: -2.2        2:  0.47       3: -0.19       4:  1.9        5: -0.27      12: -0.075     13:  1.5       14: -0.00021   15:  0.77      16:  0.015   
     0: -1.1        1: -0.27       2: -0.011      3:  0.74       4:  0.052      5: -0.33      12: -0.33      13:  0.038     14:  0.41      15: -0.0011    16:  0.0004    17:  0.011   

QLDIAGINV
   0.021   
   0.022   
   0.017   
   0.25    
   0.35    
   0.94    
   11      
   1.4     
   0.56    
   3.3     
   66      
   92      
   5.6     
   1       
   1.2     
   3.3     
   66      
   92      

QH
     0:  47      
     0: -0.0065     1:  45      
     0:  0.006      1: -0.063      2:  60      
     0:  1          1:  0.25       2:  0.11       3:  4       
     0: -0.27       1:  1.5        2:  0.034      3: -0.0085     4:  2.9     
     0: -0.73       1: -0.15       2: -0.057      3: -0.037      4: -0.017      5:  1.1     
     0: -0.97       1: -3.5        2:  0.73       3:  0.34       4:  0.54       5:  1.2        6:  0.088   
     0:  0.69       1: -2.4        2: -1.8        3: -0.31       4:  1.4        5:  0.45       6:  0.22       7:  0.72    
     0: -1.9        1: -0.49       2: -0.098      3:  1.4        4:  0.07       5:  0.021      6:  0.012      7:  0.007      8:  1.8     
     0:  0.71       1: -3          2:  1.2        3:  0.11       4:  2.4        5:  0.53       6:  0.28       7:  2          8:  0.00015    9:  0.3     
     0:  0.51       1: -1.8        2: -1.5        3: -0.3        4:  2          5:  0.38       6:  0.21       7:  1.7        8:  0.00015    9:  0.81      10:  0.015   
     0: -1.1        1: -0.27       2: -5.5e-05    3:  1.1        4:  0.059      5: -0.067      6: -0.072      7:  0.0079     8:  0.88       9:  0.0044    10: -0.0018    11:  0.011   
     0: -0.68       1:  1.3        2: -0.5        3: -0.13       4: -0.23       5:  1.1       12:  0.18    
     0:  0.63       1: -2.6        2: -1.1        3:  0.086      4:  1.4        5: -0.39      12: -0.15      13:  0.97    
     0: -3          1: -0.75       2:  0.03       3:  1.5        4:  0.06       5: -0.013     12: -0.0011    13:  0.027     14:  0.86    
     0:  0.2        1: -0.89       2:  3.1        3: -0.59       4:  0.78       5: -0.048     12:  0.0013    13:  0.69      14: -0.00035   15:  0.3     
     0:  0.55       1: -2.2        2:  0.47       3: -0.19       4:  1.9        5: -0.27      12: -0.075     13:  1.5       14: -0.00021   15:  0.77      16:  0.015   
     0: -1.1        1: -0.27       2: -0.011      3:  0.74       4:  0.052      5: -0.33      12: -0.33      13:  0.038     14:  0.41      15: -0.0011    16:  0.0004    17:  0.011   

QHDIAGINV
   0.021   
   0.022   
   0.017   
   0.25    
   0.35    
   0.94    
   11      
   1.4     
   0.56    
   3.3     
   66      
   92      
   5.6     
   1       
   1.2     
   3.3     
   66      
   92      

B: body-dof matrix
--------------------
 xxxxxxxxxxxxxxxxxx |
 xxxxxxxxxxxxxxxxxx |
 xxxxxxxxxxxx       |
 xxxxxxxxxxxx       |
 xxxxxxxxxxxx       |
 xxxxxxxxxxxx       |
 xxxxxxxxxxxx       |
 xxxxxxxxxxxx       |
 xxxxxx      xxxxxx |
 xxxxxx      xxxxxx |
 xxxxxx      xxxxxx |
 xxxxxx      xxxxxx |
 xxxxxx      xxxxxx |
 xxxxxx      xxxxxx |
 xxxxxx             |
 xxxxxx             |
 xxxxxx             |
 xxxxxx             |
 xxxxxx             |
 xxxxxx             |
 xxxxxx             |
 xxxxxx             |
 xxxxxx             |
 xxxxxx             |
 xxxxxx             |
 xxxxxx             |
 xxxxxx             |
 xxxxxx             |
 xxxxxx             |
 xxxxxx             |
 xxxxxx             |
 xxxxxx             |
 xxxxxx             |
 xxxxxx             |
 xxxxxx             |
 xxxxxx             |
 xxxxxx             |
 xxxxxx             |
 xxxxxx             |
 xxxxxx             |
 xxxxxx             |
 xxxxxx             |
 xxxxxx             |
 xxxxxx             |
 xxxxxx             |
 xxxxxx             |
 xxxxxx             |
 xxxxxx             |
 xxxxxx             |
 xxxxxx             |
 xxxxxx             |
 xxxxxx             |
 xxxxxx             |
--------------------

B_rownnz              18 18 12 12 12 12 12 12 12 12 12 12 12 12 6 6 6 6 6 6 6 6 6 6 6 6 6 6 6 6 6 6 6 6 6 6 6 6 6 6 6 6 6 6 6 6 6 6 6 6 6 6 6

B_rowadr              0 18 36 48 60 72 84 96 108 120 132 144 156 168 180 186 192 198 204 210 216 222 228 234 240 246 252 258 264 270 276 282 288 294 300 306 312 318 324 330 336 342 348 354 360 366 372 378 384 390 396 402 408

B_colind              0 1 2 3 4 5 6 7 8 9 10 11 12 13 14 15 16 17 0 1 2 3 4 5 6 7 8 9 10 11 12 13 14 15 16 17 0 1 2 3 4 5 6 7 8 9 10 11 0 1 2 3 4 5 6 7 8 9 10 11 0 1 2 3 4 5 6 7 8 9 10 11 0 1 2 3 4 5 6 7 8 9 10 11 0 1 2 3 4 5 6 7 8 9 10 11 0 1 2 3 4 5 6 7 8 9 10 11 0 1 2 3 4 5 12 13 14 15 16 17 0 1 2 3 4 5 12 13 14 15 16 17 0 1 2 3 4 5 12 13 14 15 16 17 0 1 2 3 4 5 12 13 14 15 16 17 0 1 2 3 4 5 12 13 14 15 16 17 0 1 2 3 4 5 12 13 14 15 16 17 0 1 2 3 4 5 0 1 2 3 4 5 0 1 2 3 4 5 0 1 2 3 4 5 0 1 2 3 4 5 0 1 2 3 4 5 0 1 2 3 4 5 0 1 2 3 4 5 0 1 2 3 4 5 0 1 2 3 4 5 0 1 2 3 4 5 0 1 2 3 4 5 0 1 2 3 4 5 0 1 2 3 4 5 0 1 2 3 4 5 0 1 2 3 4 5 0 1 2 3 4 5 0 1 2 3 4 5 0 1 2 3 4 5 0 1 2 3 4 5 0 1 2 3 4 5 0 1 2 3 4 5 0 1 2 3 4 5 0 1 2 3 4 5 0 1 2 3 4 5 0 1 2 3 4 5 0 1 2 3 4 5 0 1 2 3 4 5 0 1 2 3 4 5 0 1 2 3 4 5 0 1 2 3 4 5 0 1 2 3 4 5 0 1 2 3 4 5 0 1 2 3 4 5 0 1 2 3 4 5 0 1 2 3 4 5 0 1 2 3 4 5 0 1 2 3 4 5 0 1 2 3 4 5

M: inertia matrix
--------------------
 x                  |
 xx                 |
 xxx                |
 xxxx               |
 xxxxx              |
 xxxxxx             |
 xxxxxxx            |
 xxxxxxxx           |
 xxxxxxxxx          |
 xxxxxxxxxx         |
 xxxxxxxxxxx        |
 xxxxxxxxxxxx       |
 xxxxxx      x      |
 xxxxxx      xx     |
 xxxxxx      xxx    |
 xxxxxx      xxxx   |
 xxxxxx      xxxxx  |
 xxxxxx      xxxxxx |
--------------------

M_rownnz              1 2 3 4 5 6 7 8 9 10 11 12 7 8 9 10 11 12

M_rowadr              0 1 3 6 10 15 21 28 36 45 55 66 78 85 93 102 112 123

M_colind              0 0 1 0 1 2 0 1 2 3 0 1 2 3 4 0 1 2 3 4 5 0 1 2 3 4 5 6 0 1 2 3 4 5 6 7 0 1 2 3 4 5 6 7 8 0 1 2 3 4 5 6 7 8 9 0 1 2 3 4 5 6 7 8 9 10 0 1 2 3 4 5 6 7 8 9 10 11 0 1 2 3 4 5 12 0 1 2 3 4 5 12 13 0 1 2 3 4 5 12 13 14 0 1 2 3 4 5 12 13 14 15 0 1 2 3 4 5 12 13 14 15 16 0 1 2 3 4 5 12 13 14 15 16 17

mapM2M                0 2 1 5 4 3 9 8 7 6 14 13 12 11 10 20 19 18 17 16 15 27 26 25 24 23 22 21 35 34 33 32 31 30 29 28 44 43 42 41 40 39 38 37 36 54 53 52 51 50 49 48 47 46 45 65 64 63 62 61 60 59 58 57 56 55 77 76 75 74 73 72 71 70 69 68 67 66 84 83 82 81 80 79 78 92 91 90 89 88 87 86 85 101 100 99 98 97 96 95 94 93 111 110 109 108 107 106 105 104 103 102 122 121 120 119 118 117 116 115 114 113 112 134 133 132 131 130 129 128 127 126 125 124 123

C: reduced dof-dof matrix
--------------------
 x                  |
 xx                 |
 xxx                |
 xxxx               |
 xxxxx              |
 xxxxxx             |
 xxxxxxx            |
 xxxxxxxx           |
 xxxxxxxxx          |
 xxxxxxxxxx         |
 xxxxxxxxxxx        |
 xxxxxxxxxxxx       |
 xxxxxx      x      |
 xxxxxx      xx     |
 xxxxxx      xxx    |
 xxxxxx      xxxx   |
 xxxxxx      xxxxx  |
 xxxxxx      xxxxxx |
--------------------

C_rownnz              1 2 3 4 5 6 7 8 9 10 11 12 7 8 9 10 11 12

C_rowadr              0 1 3 6 10 15 21 28 36 45 55 66 78 85 93 102 112 123

C_colind              0 0 1 0 1 2 0 1 2 3 0 1 2 3 4 0 1 2 3 4 5 0 1 2 3 4 5 6 0 1 2 3 4 5 6 7 0 1 2 3 4 5 6 7 8 0 1 2 3 4 5 6 7 8 9 0 1 2 3 4 5 6 7 8 9 10 0 1 2 3 4 5 6 7 8 9 10 11 0 1 2 3 4 5 12 0 1 2 3 4 5 12 13 0 1 2 3 4 5 12 13 14 0 1 2 3 4 5 12 13 14 15 0 1 2 3 4 5 12 13 14 15 16 0 1 2 3 4 5 12 13 14 15 16 17

mapM2C                0 2 1 5 4 3 9 8 7 6 14 13 12 11 10 20 19 18 17 16 15 27 26 25 24 23 22 21 35 34 33 32 31 30 29 28 44 43 42 41 40 39 38 37 36 54 53 52 51 50 49 48 47 46 45 65 64 63 62 61 60 59 58 57 56 55 77 76 75 74 73 72 71 70 69 68 67 66 84 83 82 81 80 79 78 92 91 90 89 88 87 86 85 101 100 99 98 97 96 95 94 93 111 110 109 108 107 106 105 104 103 102 122 121 120 119 118 117 116 115 114 113 112 134 133 132 131 130 129 128 127 126 125 124 123

D: dof-dof matrix
--------------------
 Dxxxxxxxxxxxxxxxxx |
 xDxxxxxxxxxxxxxxxx |
 xxDxxxxxxxxxxxxxxx |
 xxxDxxxxxxxxxxxxxx |
 xxxxDxxxxxxxxxxxxx |
 xxxxxDxxxxxxxxxxxx |
 xxxxxxDxxxxx       |
 xxxxxxxDxxxx       |
 xxxxxxxxDxxx       |
 xxxxxxxxxDxx       |
 xxxxxxxxxxDx       |
 xxxxxxxxxxxD       |
 xxxxxx      Dxxxxx |
 xxxxxx      xDxxxx |
 xxxxxx      xxDxxx |
 xxxxxx      xxxDxx |
 xxxxxx      xxxxDx |
 xxxxxx      xxxxxD |
--------------------

D_rownnz              18 18 18 18 18 18 12 12 12 12 12 12 12 12 12 12 12 12

D_rowadr              0 18 36 54 72 90 108 120 132 144 156 168 180 192 204 216 228 240

D_colind              0 1 2 3 4 5 6 7 8 9 10 11 12 13 14 15 16 17 0 1 2 3 4 5 6 7 8 9 10 11 12 13 14 15 16 17 0 1 2 3 4 5 6 7 8 9 10 11 12 13 14 15 16 17 0 1 2 3 4 5 6 7 8 9 10 11 12 13 14 15 16 17 0 1 2 3 4 5 6 7 8 9 10 11 12 13 14 15 16 17 0 1 2 3 4 5 6 7 8 9 10 11 12 13 14 15 16 17 0 1 2 3 4 5 6 7 8 9 10 11 0 1 2 3 4 5 6 7 8 9 10 11 0 1 2 3 4 5 6 7 8 9 10 11 0 1 2 3 4 5 6 7 8 9 10 11 0 1 2 3 4 5 6 7 8 9 10 11 0 1 2 3 4 5 6 7 8 9 10 11 0 1 2 3 4 5 12 13 14 15 16 17 0 1 2 3 4 5 12 13 14 15 16 17 0 1 2 3 4 5 12 13 14 15 16 17 0 1 2 3 4 5 12 13 14 15 16 17 0 1 2 3 4 5 12 13 14 15 16 17 0 1 2 3 4 5 12 13 14 15 16 17

mapM2D                0 2 5 9 14 20 27 35 44 54 65 77 84 92 101 111 122 134 2 1 4 8 13 19 26 34 43 53 64 76 83 91 100 110 121 133 5 4 3 7 12 18 25 33 42 52 63 75 82 90 99 109 120 132 9 8 7 6 11 17 24 32 41 51 62 74 81 89 98 108 119 131 14 13 12 11 10 16 23 31 40 50 61 73 80 88 97 107 118 130 20 19 18 17 16 15 22 30 39 49 60 72 79 87 96 106 117 129 27 26 25 24 23 22 21 29 38 48 59 71 35 34 33 32 31 30 29 28 37 47 58 70 44 43 42 41 40 39 38 37 36 46 57 69 54 53 52 51 50 49 48 47 46 45 56 68 65 64 63 62 61 60 59 58 57 56 55 67 77 76 75 74 73 72 71 70 69 68 67 66 84 83 82 81 80 79 78 86 95 105 116 128 92 91 90 89 88 87 86 85 94 104 115 127 101 100 99 98 97 96 95 94 93 103 114 126 111 110 109 108 107 106 105 104 103 102 113 125 122 121 120 119 118 117 116 115 114 113 112 124 134 133 132 131 130 129 128 127 126 125 124 123

mapD2M                0 19 18 38 37 36 57 56 55 54 76 75 74 73 72 95 94 93 92 91 90 114 113 112 111 110 109 108 127 126 125 124 123 122 121 120 140 139 138 137 136 135 134 133 132 153 152 151 150 149 148 147 146 145 144 166 165 164 163 162 161 160 159 158 157 156 179 178 177 176 175 174 173 172 171 170 169 168 186 185 184 183 182 181 180 199 198 197 196 195 194 193 192 212 211 210 209 208 207 206 205 204 225 224 223 222 221 220 219 218 217 216 238 237 236 235 234 233 232 231 230 229 228 251 250 249 248 247 246 245 244 243 242 241 240

QDERIV
     0: -0.001      1:  0          2:  0          3:  0          4:  0          5:  0          6:  0          7:  0          8:  0          9:  0         10:  0         11:  0         12:  0         13:  0         14:  0         15:  0         16:  0         17:  0       
     0:  0          1: -0.001      2:  0          3:  0          4:  0          5:  0          6:  0          7:  0          8:  0          9:  0         10:  0         11:  0         12:  0         13:  0         14:  0         15:  0         16:  0         17:  0       
     0:  0          1:  0          2: -0.001      3:  0          4:  0          5:  0          6:  0          7:  0          8:  0          9:  0         10:  0         11:  0         12:  0         13:  0         14:  0         15:  0         16:  0         17:  0       
     0:  0          1:  0          2:  0          3: -0.001      4:  0          5:  0          6:  0          7:  0          8:  0          9:  0         10:  0         11:  0         12:  0         13:  0         14:  0         15:  0         16:  0         17:  0       
     0:  0          1:  0          2:  0          3:  0          4: -0.001      5:  0          6:  0          7:  0          8:  0          9:  0         10:  0         11:  0         12:  0         13:  0         14:  0         15:  0         16:  0         17:  0       
     0:  0          1:  0          2:  0          3:  0          4:  0          5: -0.001      6:  0          7:  0          8:  0          9:  0         10:  0         11:  0         12:  0         13:  0         14:  0         15:  0         16:  0         17:  0       
     0:  0          1:  0          2:  0          3:  0          4:  0          5:  0          6: -0.001      7:  0          8:  0          9:  0         10:  0         11:  0       
     0:  0          1:  0          2:  0          3:  0          4:  0          5:  0          6:  0          7: -0.001      8:  0          9:  0         10:  0         11:  0       
     0:  0          1:  0          2:  0          3:  0          4:  0          5:  0          6:  0          7:  0          8: -0.001      9:  0         10:  0         11:  0       
     0:  0          1:  0          2:  0          3:  0          4:  0          5:  0          6:  0          7:  0          8:  0          9: -0.001     10:  0         11:  0       
     0:  0          1:  0          2:  0          3:  0          4:  0          5:  0          6:  0          7:  0          8:  0          9:  0         10: -0.001     11:  0       
     0:  0          1:  0          2:  0          3:  0          4:  0          5:  0          6:  0          7:  0          8:  0          9:  0         10:  0         11: -0.001   
     0:  0          1:  0          2:  0          3:  0          4:  0          5:  0         12: -0.001     13:  0         14:  0         15:  0         16:  0         17:  0       
     0:  0          1:  0          2:  0          3:  0          4:  0          5:  0         12:  0         13: -0.001     14:  0         15:  0         16:  0         17:  0       
     0:  0          1:  0          2:  0          3:  0          4:  0          5:  0         12:  0         13:  0         14: -0.001     15:  0         16:  0         17:  0       
     0:  0          1:  0          2:  0          3:  0          4:  0          5:  0         12:  0         13:  0         14:  0         15: -0.001     16:  0         17:  0       
     0:  0          1:  0          2:  0          3:  0          4:  0          5:  0         12:  0         13:  0         14:  0         15:  0         16: -0.001     17:  0       
     0:  0          1:  0          2:  0          3:  0          4:  0          5:  0         12:  0         13:  0         14:  0         15:  0         16:  0         17: -0.001   

CONTACT
  0:
     dim           3
     geoms         floor : 14
     exclude       0
     efc_address   18
     solref         0.005     1       
     solimp         0.9       0.95      0.001     0.5       2       
     dist          -0.00038 
     includemargin  0       
     pos            0.32      1        -0.00019 
     frame          0         0         1         0         1         0        -1         0         0       
     friction       1         1         0.005     0.0001    0.0001  
     mu             1       
  1:
     dim           3
     geoms         floor : 14
     exclude       0
     efc_address   22
     solref         0.005     1       
     solimp         0.9       0.95      0.001     0.5       2       
     dist          -0.0003  
     includemargin  0       
     pos            0.43      0.8      -0.00015 
     frame          0         0         1         0         1         0        -1         0         0       
     friction       1         1         0.005     0.0001    0.0001  
     mu             1       

EFC_TYPE
  1
  1
  1
  1
  1
  1
  1
  1
  1
  1
  1
  1
  1
  1
  1
  1
  1
  1
  6
  6
  6
  6
  6
  6
  6
  6

EFC_ID
  0
  1
  2
  3
  4
  5
  6
  7
  8
  9
  10
  11
  12
  13
  14
  15
  16
  17
  0
  0
  0
  0
  1
  1
  1
  1

EFC_J
   1         0         0         0         0         0         0         0         0         0         0         0         0         0         0         0         0         0       
   0         1         0         0         0         0         0         0         0         0         0         0         0         0         0         0         0         0       
   0         0         1         0         0         0         0         0         0         0         0         0         0         0         0         0         0         0       
   0         0         0         1         0         0         0         0         0         0         0         0         0         0         0         0         0         0       
   0         0         0         0         1         0         0         0         0         0         0         0         0         0         0         0         0         0       
   0         0         0         0         0         1         0         0         0         0         0         0         0         0         0         0         0         0       
   0         0         0         0         0         0         1         0         0         0         0         0         0         0         0         0         0         0       
   0         0         0         0         0         0         0         1         0         0         0         0         0         0         0         0         0         0       
   0         0         0         0         0         0         0         0         1         0         0         0         0         0         0         0         0         0       
   0         0         0         0         0         0         0         0         0         1         0         0         0         0         0         0         0         0       
   0         0         0         0         0         0         0         0         0         0         1         0         0         0         0         0         0         0       
   0         0         0         0         0         0         0         0         0         0         0         1         0         0         0         0         0         0       
   0         0         0         0         0         0         0         0         0         0         0         0         1         0         0         0         0         0       
   0         0         0         0         0         0         0         0         0         0         0         0         0         1         0         0         0         0       
   0         0         0         0         0         0         0         0         0         0         0         0         0         0         1         0         0         0       
   0         0         0         0         0         0         0         0         0         0         0         0         0         0         0         1         0         0       
   0         0         0         0         0         0         0         0         0         0         0         0         0         0         0         0         1         0       
   0         0         0         0         0         0         0         0         0         0         0         0         0         0         0         0         0         1       
   0         1         1        -0.067    -1.1      -0.25     -0.15     -0.94     -0.22     -0.44     -0.23      0.0099    0         0         0         0         0         0       
   0        -1         1         0.37      0.79      0.19      0.12      0.63      0.2       0.4      -0.11      0.032     0         0         0         0         0         0       
  -1         0         1         1.1      -0.37     -0.015     0.012    -0.36      0.78     -0.13     -0.19      0.064     0         0         0         0         0         0       
   1         0         1        -0.82      0.033    -0.04     -0.048     0.052    -0.8       0.09     -0.15     -0.022     0         0         0         0         0         0       
   0         1         1        -0.12     -0.88     -0.11     -0.013    -0.7      -0.23     -0.2       0.015    -0.048     0         0         0         0         0         0       
   0        -1         1         0.29      1         0.099     0.024     0.89      0.11      0.65      0.14     -0.025     0         0         0         0         0         0       
  -1         0         1         1        -0.11     -0.22     -0.19     -0.093     0.65      0.13      0.066     0.0069    0         0         0         0         0         0       
   1         0         1        -0.87      0.26      0.21      0.2       0.28     -0.78      0.33      0.093    -0.08      0         0         0         0         0         0       

EFC_POS
   0       
   0       
   0       
   0       
   0       
   0       
   0       
   0       
   0       
   0       
   0       
   0       
   0       
   0       
   0       
   0       
   0       
   0       
  -0.00038 
  -0.00038 
  -0.00038 
  -0.00038 
  -0.0003  
  -0.0003  
  -0.0003  
  -0.0003  

EFC_MARGIN
   0       
   0       
   0       
   0       
   0       
   0       
   0       
   0       
   0       
   0       
   0       
   0       
   0       
   0       
   0       
   0       
   0       
   0       
   0       
   0       
   0       
   0       
   0       
   0       
   0       
   0       

EFC_FRICTIONLOSS
   0.1     
   0.1     
   0.1     
   0.1     
   0.1     
   0.1     
   0.1     
   0.1     
   0.1     
   0.1     
   0.1     
   0.1     
   0.1     
   0.1     
   0.1     
   0.1     
   0.1     
   0.1     
   0       
   0       
   0       
   0       
   0       
   0       
   0       
   0       

EFC_DIAGAPPROX
   0.02    
   0.02    
   0.02    
   0.54    
   0.54    
   0.54    
   19      
   3.9     
   1.1     
   15      
   71      
   93      
   19      
   3.8     
   1.1     
   15      
   71      
   93      
   1.4     
   1.4     
   1.4     
   1.4     
   1.4     
   1.4     
   1.4     
   1.4     

EFC_KBIP
   0         1.1e+02   0.9       0       
   0         1.1e+02   0.9       0       
   0         1.1e+02   0.9       0       
   0         1.1e+02   0.9       0       
   0         1.1e+02   0.9       0       
   0         1.1e+02   0.9       0       
   0         1.1e+02   0.9       0       
   0         1.1e+02   0.9       0       
   0         1.1e+02   0.9       0       
   0         1.1e+02   0.9       0       
   0         1.1e+02   0.9       0       
   0         1.1e+02   0.9       0       
   0         1.1e+02   0.9       0       
   0         1.1e+02   0.9       0       
   0         1.1e+02   0.9       0       
   0         1.1e+02   0.9       0       
   0         1.1e+02   0.9       0       
   0         1.1e+02   0.9       0       
   4.4e+04   4.2e+02   0.91     -76      
   4.4e+04   4.2e+02   0.91     -76      
   4.4e+04   4.2e+02   0.91     -76      
   4.4e+04   4.2e+02   0.91     -76      
   4.4e+04   4.2e+02   0.91     -59      
   4.4e+04   4.2e+02   0.91     -59      
   4.4e+04   4.2e+02   0.91     -59      
   4.4e+04   4.2e+02   0.91     -59      

EFC_D
   4.6e+02 
   4.6e+02 
   4.6e+02 
   17      
   17      
   17      
   0.48    
   2.3     
   8.4     
   0.62    
   0.13    
   0.097   
   0.47    
   2.3     
   8.4     
   0.62    
   0.13    
   0.097   
   7.5     
   7.5     
   7.5     
   7.5     
   7       
   7       
   7       
   7       

EFC_R
   0.0022  
   0.0022  
   0.0022  
   0.061   
   0.061   
   0.061   
   2.1     
   0.43    
   0.12    
   1.6     
   7.9     
   10      
   2.1     
   0.43    
   0.12    
   1.6     
   7.9     
   10      
   0.13    
   0.13    
   0.13    
   0.13    
   0.14    
   0.14    
   0.14    
   0.14    

ACTUATOR_VELOCITY
  -0.21    
   0.37    
  -0.014   
   0.22    
  -0.22    
   0.29    
  -0.54    
  -0.087   
  -0.32    
   3.4     
   0.19    
   0.2     

CVEL
   0         0         0         0         0         0       
   0.36      0.064     0.23     -0.019     0.053    -0.022   
   0.36      0.089     0.023    -0.012     0.038    -0.024   
   0.0068    0.00079  -0.0024   -0.021     0.071    -0.025   
   0.01     -0.012    -0.007    -0.022     0.07     -0.023   
  -0.2      -0.066    -0.015    -0.049     0.17      0.0061  
   0.0077   -0.012    -0.0071   -0.0031   -0.0069    0.0098  
  -0.064     0.27     -0.0072    0.24      0.056    -0.026   
   0.38      0.13     -0.31     -0.021     0.1      -0.016   
   0.46      0.15     -0.3      -0.019     0.096    -0.016   
   0.53     -0.12     -0.45     -0.046     0.12     -0.064   
  -2.8      -0.93     -0.47     -0.4       1.6       0.54    
  -3        -0.98     -0.47     -0.43      1.7       0.5     
  -3        -0.85     -0.62     -0.33      1.7       0.53    
   0.36      0.064     0.23     -0.019     0.053    -0.022   
   0.36      0.064     0.23     -0.019     0.053    -0.022   
   0.36      0.064     0.23     -0.019     0.053    -0.022   
   0.36      0.064     0.23     -0.019     0.053    -0.022   
   0.36      0.064     0.23     -0.019     0.053    -0.022   
   0.36      0.064     0.23     -0.019     0.053    -0.022   
   0.36      0.064     0.23     -0.019     0.053    -0.022   
   0.36      0.064     0.23     -0.019     0.053    -0.022   
   0.36      0.064     0.23     -0.019     0.053    -0.022   
   0.36      0.064     0.23     -0.019     0.053    -0.022   
   0.36      0.064     0.23     -0.019     0.053    -0.022   
   0.36      0.064     0.23     -0.019     0.053    -0.022   
   0.36      0.064     0.23     -0.019     0.053    -0.022   
   0.36      0.064     0.23     -0.019     0.053    -0.022   
   0.36      0.064     0.23     -0.019     0.053    -0.022   
   0.36      0.064     0.23     -0.019     0.053    -0.022   
   0.36      0.064     0.23     -0.019     0.053    -0.022   
   0.36      0.064     0.23     -0.019     0.053    -0.022   
   0.36      0.064     0.23     -0.019     0.053    -0.022   
   0.36      0.064     0.23     -0.019     0.053    -0.022   
   0.36      0.064     0.23     -0.019     0.053    -0.022   
   0.36      0.064     0.23     -0.019     0.053    -0.022   
   0.36      0.064     0.23     -0.019     0.053    -0.022   
   0.36      0.064     0.23     -0.019     0.053    -0.022   
   0.36      0.064     0.23     -0.019     0.053    -0.022   
   0.36      0.064     0.23     -0.019     0.053    -0.022   
   0.36      0.064     0.23     -0.019     0.053    -0.022   
   0.36      0.064     0.23     -0.019     0.053    -0.022   
   0.36      0.064     0.23     -0.019     0.053    -0.022   
   0.36      0.064     0.23     -0.019     0.053    -0.022   
   0.36      0.064     0.23     -0.019     0.053    -0.022   
   0.36      0.064     0.23     -0.019     0.053    -0.022   
   0.36      0.064     0.23     -0.019     0.053    -0.022   
   0.36      0.064     0.23     -0.019     0.053    -0.022   
   0.36      0.064     0.23     -0.019     0.053    -0.022   
   0.36      0.064     0.23     -0.019     0.053    -0.022   
   0.36      0.064     0.23     -0.019     0.053    -0.022   
   0.36      0.064     0.23     -0.019     0.053    -0.022   
   0.36      0.064     0.23     -0.019     0.053    -0.022   

CDOF_DOT
   0         0         0         0         0         0       
   0         0         0         0         0         0       
   0         0         0         0         0         0       
   0        -0         0         0.033     0.0072   -0.003   
   0         0         0        -0.0079    0.03      0.031   
   0        -0         0         0.026     0.01      0.0023  
   0.091    -0.36     -0.041     0.033     0.0095    0.034   
  -0.00064   0.0028   -0.00085  -0.011     0.023     0.074   
   0.0025   -0.0016    0.0064    0.046     0.014    -0.00071 
  -0.0013    0.0071   -0.014    -0.0067    0.021     0.076   
  -0.0013    0.0071   -0.014     0.0087   -0.0079   -0.0022  
   0.0068    0.0018    0.0044   -0.0064   -0.0075    0.0073  
   0.091    -0.36     -0.041     0.071     0.024    -0.029   
  -0.072     0.33      0.049     0.017     0.023     0.14    
   0.33     -0.16      0.43      0.062    -0.084    -0.038   
  -0.11      0.44     -0.25      0.15      0.015     0.33    
  -0.11      0.44     -0.25      0.56     -1         0.015   
   1        -2.2      -2        -1.6      -0.29     -0.3     

QFRC_BIAS
  -4.5     
   6.3     
   6.6e+02 
   2.3     
  -20      
  -0.36    
  -1.1     
  -5.8     
  -1.5     
   3.4     
  -0.22    
   0.00093 
   0.67    
  -6.8     
   1.2     
   9.5     
  -0.035   
   0.014   

QFRC_SPRING
   0       
   0       
   0       
   0       
   0       
   0       
   0       
   0       
   0       
   0       
   0       
   0       
   0       
   0       
   0       
   0       
   0       
   0       

QFRC_DAMPER
   9.3e-06 
  -3e-05   
   3.1e-05 
  -1.6e-05 
   0.00038 
  -0.0002  
   0.00021 
  -0.00037 
   1.4e-05 
  -0.00022 
   0.00022 
  -0.00029 
   0.00054 
   8.7e-05 
   0.00032 
  -0.0034  
  -0.00019 
  -0.0002  

QFRC_GRAVCOMP
   0       
   0       
   0       
   0       
   0       
   0       
   0       
   0       
   0       
   0       
   0       
   0       
   0       
   0       
   0       
   0       
   0       
   0       

QFRC_FLUID
   0       
   0       
   0       
   0       
   0       
   0       
   0       
   0       
   0       
   0       
   0       
   0       
   0       
   0       
   0       
   0       
   0       
   0       

QFRC_PASSIVE
   9.3e-06 
  -3e-05   
   3.1e-05 
  -1.6e-05 
   0.00038 
  -0.0002  
   0.00021 
  -0.00037 
   1.4e-05 
  -0.00022 
   0.00022 
  -0.00029 
   0.00054 
   8.7e-05 
   0.00032 
  -0.0034  
  -0.00019 
  -0.0002  

EFC_VEL
  -0.0093  
   0.03    
  -0.031   
   0.016   
  -0.38    
   0.2     
  -0.21    
   0.37    
  -0.014   
   0.22    
  -0.22    
   0.29    
  -0.54    
  -0.087   
  -0.32    
   3.4     
   0.19    
   0.2     
   0.013   
   0.016   
   0.018   
   0.011   
  -0.0051  
   0.00024 
   0.0028  
  -0.0077  

EFC_AREF
   0.98    
  -3.2     
   3.3     
  -1.7     
   40      
  -21      
   22      
  -39      
   1.4     
  -23      
   23      
  -30      
   57      
   9.2     
   33      
  -3.6e+02 
  -20      
  -21      
   10      
   8.6     
   7.8     
   11      
   14      
   12      
   11      
   15      

SUBTREE_LINVEL
   0         0         0       
   0         0         0       
   0         0         0       
   0         0         0       
   0         0         0       
   0         0         0       
   0         0         0       
   0         0         0       
   0         0         0       
   0         0         0       
   0         0         0       
   0         0         0       
   0         0         0       
   0         0         0       
   0         0         0       
   0         0         0       
   0         0         0       
   0         0         0       
   0         0         0       
   0         0         0       
   0         0         0       
   0         0         0       
   0         0         0       
   0         0         0       
   0         0         0       
   0         0         0       
   0         0         0       
   0         0         0       
   0         0         0       
   0         0         0       
   0         0         0       
   0         0         0       
   0         0         0       
   0         0         0       
   0         0         0       
   0         0         0       
   0         0         0       
   0         0         0       
   0         0         0       
   0         0         0       
   0         0         0       
   0         0         0       
   0         0         0       
   0         0         0       
   0         0         0       
   0         0         0       
   0         0         0       
   0         0         0       
   0         0         0       
   0         0         0       
   0         0         0       
   0         0         0       
   0         0         0       

SUBTREE_ANGMOM
   0         0         0       
   0         0         0       
   0         0         0       
   0         0         0       
   0         0         0       
   0         0         0       
   0         0         0       
   0         0         0       
   0         0         0       
   0         0         0       
   0         0         0       
   0         0         0       
   0         0         0       
   0         0         0       
   0         0         0       
   0         0         0       
   0         0         0       
   0         0         0       
   0         0         0       
   0         0         0       
   0         0         0       
   0         0         0       
   0         0         0       
   0         0         0       
   0         0         0       
   0         0         0       
   0         0         0       
   0         0         0       
   0         0         0       
   0         0         0       
   0         0         0       
   0         0         0       
   0         0         0       
   0         0         0       
   0         0         0       
   0         0         0       
   0         0         0       
   0         0         0       
   0         0         0       
   0         0         0       
   0         0         0       
   0         0         0       
   0         0         0       
   0         0         0       
   0         0         0       
   0         0         0       
   0         0         0       
   0         0         0       
   0         0         0       
   0         0         0       
   0         0         0       
   0         0         0       
   0         0         0       

ACTUATOR_FORCE
  -2.5     
   14      
   62      
  -65      
   26      
   9.8     
  -5.3     
   14      
  -15      
  -5.7     
   0.17    
   0.15    

QFRC_ACTUATOR
   0       
   0       
   0       
   0       
   0       
   0       
  -2.5     
   14      
   62      
  -65      
   26      
   9.8     
  -5.3     
   14      
  -15      
  -5.7     
   0.17    
   0.15    

QFRC_SMOOTH
   4.5     
  -6.3     
  -6.6e+02 
  -2.3     
   20      
   0.36    
  -1.4     
   20      
   63      
  -68      
   26      
   9.8     
  -5.9     
   21      
  -17      
  -15      
   0.2     
   0.14    

QACC_SMOOTH
  -0.43    
   5.4     
  -2.2     
  -2       
  -28      
  -0.63    
  -1.3e+02 
   2.8e+02 
   36      
  -7.3e+02 
   1.9e+03 
   8.8e+02 
  -22      
   81      
  -14      
  -74      
   13      
   12      

EFC_B
  -1.4     
   8.6     
  -5.5     
  -0.34    
  -67      
   21      
  -1.5e+02 
   3.2e+02 
   35      
  -7e+02   
   1.9e+03 
   9.1e+02 
  -78      
   72      
  -47      
   2.9e+02 
   33      
   33      
  -3.4e+02 
  -3.4e+02 
  -2.9e+02 
  -3.9e+02 
  -61      
  -16      
   49      
  -1.3e+02 

EFC_FORCE
   0.1     
  -0.1     
   0.1     
  -0.1     
   0.1     
  -0.1     
   0.1     
  -0.1     
   0.1     
  -0.1     
  -0.1     
  -0.1     
   0.1     
  -0.1     
   0.1     
  -0.1     
  -0.1     
  -0.1     
   84      
   72      
   66      
   90      
   95      
   80      
   73      
   1e+02   

EFC_STATE
  2
  3
  2
  3
  2
  3
  2
  3
  2
  3
  3
  3
  2
  3
  2
  3
  3
  3
  1
  1
  1
  1
  1
  1
  1
  1

QFRC_CONSTRAINT
   52      
   27      
   6.6e+02 
   20      
  -41      
  -8.7     
  -0.53    
  -25      
  -69      
   68      
  -26      
  -8.9     
   0.1     
  -0.1     
   0.1     
  -0.1     
  -0.1     
  -0.1     

QFRC_INVERSE
   0       
   0       
   0       
   0       
   0       
   0       
   0       
   0       
   0       
   0       
   0       
   0       
   0       
   0       
   0       
   0       
   0       
   0       

CACC
   0         0         0         0         0         0       
   0         0         0         0         0         0       
   0         0         0         0         0         0       
   0         0         0         0         0         0       
   0         0         0         0         0         0       
   0         0         0         0         0         0       
   0         0         0         0         0         0       
   0         0         0         0         0         0       
   0         0         0         0         0         0       
   0         0         0         0         0         0       
   0         0         0         0         0         0       
   0         0         0         0         0         0       
   0         0         0         0         0         0       
   0         0         0         0         0         0       
   0         0         0         0         0         0       
   0         0         0         0         0         0       
   0         0         0         0         0         0       
   0         0         0         0         0         0       
   0         0         0         0         0         0       
   0         0         0         0         0         0       
   0         0         0         0         0         0       
   0         0         0         0         0         0       
   0         0         0         0         0         0       
   0         0         0         0         0         0       
   0         0         0         0         0         0       
   0         0         0         0         0         0       
   0         0         0         0         0         0       
   0         0         0         0         0         0       
   0         0         0         0         0         0       
   0         0         0         0         0         0       
   0         0         0         0         0         0       
   0         0         0         0         0         0       
   0         0         0         0         0         0       
   0         0         0         0         0         0       
   0         0         0         0         0         0       
   0         0         0         0         0         0       
   0         0         0         0         0         0       
   0         0         0         0         0         0       
   0         0         0         0         0         0       
   0         0         0         0         0         0       
   0         0         0         0         0         0       
   0         0         0         0         0         0       
   0         0         0         0         0         0       
   0         0         0         0         0         0       
   0         0         0         0         0         0       
   0         0         0         0         0         0       
   0         0         0         0         0         0       
   0         0         0         0         0         0       
   0         0         0         0         0         0       
   0         0         0         0         0         0       
   0         0         0         0         0         0       
   0         0         0         0         0         0       
   0         0         0         0         0         0       

CFRC_INT
   0         0         0         0         0         0       
   0         0         0         0         0         0       
   0         0         0         0         0         0       
   0         0         0         0         0         0       
   0         0         0         0         0         0       
   0         0         0         0         0         0       
   0         0         0         0         0         0       
   0         0         0         0         0         0       
   0         0         0         0         0         0       
   0         0         0         0         0         0       
   0         0         0         0         0         0       
   0         0         0         0         0         0       
   0         0         0         0         0         0       
   0         0         0         0         0         0       
   0         0         0         0         0         0       
   0         0         0         0         0         0       
   0         0         0         0         0         0       
   0         0         0         0         0         0       
   0         0         0         0         0         0       
   0         0         0         0         0         0       
   0         0         0         0         0         0       
   0         0         0         0         0         0       
   0         0         0         0         0         0       
   0         0         0         0         0         0       
   0         0         0         0         0         0       
   0         0         0         0         0         0       
   0         0         0         0         0         0       
   0         0         0         0         0         0       
   0         0         0         0         0         0       
   0         0         0         0         0         0       
   0         0         0         0         0         0       
   0         0         0         0         0         0       
   0         0         0         0         0         0       
   0         0         0         0         0         0       
   0         0         0         0         0         0       
   0         0         0         0         0         0       
   0         0         0         0         0         0       
   0         0         0         0         0         0       
   0         0         0         0         0         0       
   0         0         0         0         0         0       
   0         0         0         0         0         0       
   0         0         0         0         0         0       
   0         0         0         0         0         0       
   0         0         0         0         0         0       
   0         0         0         0         0         0       
   0         0         0         0         0         0       
   0         0         0         0         0         0       
   0         0         0         0         0         0       
   0         0         0         0         0         0       
   0         0         0         0         0         0       
   0         0         0         0         0         0       
   0         0         0         0         0         0       
   0         0         0         0         0         0       

CFRC_EXT
   0         0         0         0         0         0       
   0         0         0         0         0         0       
   0         0         0         0         0         0       
   0         0         0         0         0         0       
   0         0         0         0         0         0       
   0         0         0         0         0         0       
   0         0         0         0         0         0       
   0         0         0         0         0         0       
   0         0         0         0         0         0       
   0         0         0         0         0         0       
   0         0         0         0         0         0       
   0         0         0         0         0         0       
   0         0         0         0         0         0       
   0         0         0         0         0         0       
   0         0         0         0         0         0       
   0         0         0         0         0         0       
   0         0         0         0         0         0       
   0         0         0         0         0         0       
   0         0         0         0         0         0       
   0         0         0         0         0         0       
   0         0         0         0         0         0       
   0         0         0         0         0         0       
   0         0         0         0         0         0       
   0         0         0         0         0         0       
   0         0         0         0         0         0       
   0         0         0         0         0         0       
   0         0         0         0         0         0       
   0         0         0         0         0         0       
   0         0         0         0         0         0       
   0         0         0         0         0         0       
   0         0         0         0         0         0       
   0         0         0         0         0         0       
   0         0         0         0         0         0       
   0         0         0         0         0         0       
   0         0         0         0         0         0       
   0         0         0         0         0         0       
   0         0         0         0         0         0       
   0         0         0         0         0         0       
   0         0         0         0         0         0       
   0         0         0         0         0         0       
   0         0         0         0         0         0       
   0         0         0         0         0         0       
   0         0         0         0         0         0       
   0         0         0         0         0         0       
   0         0         0         0         0         0       
   0         0         0         0         0         0       
   0         0         0         0         0         0       
   0         0         0         0         0         0       
   0         0         0         0         0         0       
   0         0         0         0         0         0       
   0         0         0         0         0         0       
   0         0         0         0         0         0       
   0         0         0         0         0         0       

